{
  "keyframes": [
    {
      "matrix": "[-0.08477919859598892,0.9963997628890833,-1.6653345369377348e-16,0,-0.22006052653137664,-0.018723965798472353,0.9753065045243523,0,0.9717951698522456,0.08268570383903007,0.2208556592720441,0,0.9961668592307868,0.0847593818655603,0.22639450705834188,1]",
      "fov": 50,
      "aspect": 1,
      "properties": "[[\"FOV\",50],[\"NAME\",\"Camera 0\"],[\"TIME\",0]]"
    },
    {
      "matrix": "[-0.6902894666713268,0.7235333110525147,0,0,-0.25021252404544203,-0.23871612701088019,0.9383007532319978,0,0.6788918507490159,0.6476991265258201,0.34582032398959084,0,0.6959178062398145,0.6639427984560267,0.3544931655291736,1]",
      "fov": 50,
      "aspect": 1,
      "properties": "[[\"FOV\",50],[\"NAME\",\"Camera 1\"],[\"TIME\",1]]"
    }
  ],
  "camera_type": "perspective",
  "render_height": 1080,
  "render_width": 1920,
  "camera_path": [
    {
      "camera_to_world": [
        -0.08477919859598912,
        -0.22006052653137675,
        0.9717951698522458,
        0.9961668592307868,
        0.9963997628890835,
        -0.018723965798472582,
        0.08268570383903008,
        0.0847593818655603,
        -1.3530843112619093e-16,
        0.9753065045243525,
        0.2208556592720439,
        0.22639450705834188,
        0,
        0,
        0,
        1
      ],
      "fov": 50,
      "aspect": 1
    },
    {
      "camera_to_world": [
        -0.08175936379088125,
        -0.2193135253444678,
        0.9722227028996454,
        0.9976334281083961,
        0.9966520189530934,
        -0.01760021124586235,
        0.07984350744314751,
        0.0819303558795083,
        -0.000399436144166907,
        0.9754956740883491,
        0.22001824989233107,
        0.22576880814637076,
        0,
        0,
        0,
        1
      ],
      "fov": 50,
      "aspect": 1
    },
    {
      "camera_to_world": [
        -0.07914101079757586,
        -0.21866058563858526,
        0.9725863708165609,
        0.9989075766334415,
        0.9968631498954813,
        -0.016626543092729124,
        0.0773784107180098,
        0.07947251067191088,
        -0.0007488593976004293,
        0.9756593187957447,
        0.21929052158409873,
        0.225225203711569,
        0,
        0,
        0,
        1
      ],
      "fov": 50,
      "aspect": 1
    },
    {
      "camera_to_world": [
        -0.07691569702277866,
        -0.21810181730681585,
        0.9728903190180095,
        0.9999923590972338,
        0.997037048985694,
        -0.015799538232244704,
        0.07528278383233872,
        0.07737995448437988,
        -0.0010480941746434623,
        0.9757981204527463,
        0.21867082480177577,
        0.22476239066699752,
        0,
        0,
        0,
        1
      ],
      "fov": 50,
      "aspect": 1
    },
    {
      "camera_to_world": [
        -0.07507531543470718,
        -0.21763703350433836,
        0.9731381292806335,
        1.000890829791083,
        0.997177022616314,
        -0.015115943129388833,
        0.0735492612428724,
        0.07564679555852713,
        -0.0012971424140884608,
        0.9759127163382699,
        0.2181574832794351,
        0.22437906592571702,
        0,
        0,
        0,
        1
      ],
      "fov": 50,
      "aspect": 1
    },
    {
      "camera_to_world": [
        -0.07361209109552026,
        -0.21726577227505334,
        0.9733328537773034,
        1.0016060430063005,
        0.9972858273912797,
        -0.014572671687644883,
        0.07217074008471042,
        0.07426714213596447,
        -0.001496171459271653,
        0.9760036994999602,
        0.21774880030290797,
        0.22407392640078838,
        0,
        0,
        0,
        1
      ],
      "fov": 50,
      "aspect": 1
    },
    {
      "camera_to_world": [
        -0.0725185747312784,
        -0.2169873161367987,
        0.9734770469583208,
        1.0021410530341959,
        0.9973657045632125,
        -0.01416680167939111,
        0.07114037595700305,
        0.07323510245830371,
        -0.001645502984175096,
        0.9760716194859503,
        0.21744306370634883,
        0.22384566900527234,
        0,
        0,
        0,
        1
      ],
      "fov": 50,
      "aspect": 1
    },
    {
      "camera_to_world": [
        -0.0717876337527418,
        -0.2168007097579791,
        0.9735727953720866,
        1.0024989141660807,
        0.9974184119569577,
        -0.013895569961219417,
        0.07045157645300607,
        0.07254478476715669,
        -0.0017456028881474577,
        0.9761169834522341,
        0.21723854972510645,
        0.22369299065222975,
        0,
        0,
        0,
        1
      ],
      "fov": 50,
      "aspect": 1
    },
    {
      "camera_to_world": [
        -0.07141244108597539,
        -0.21670477586308784,
        0.9736217455337935,
        1.0026826806932645,
        0.9974452535302721,
        -0.013756366662048134,
        0.07009799274009529,
        0.07219029730413526,
        -0.0017970720834885197,
        0.9761402575933381,
        0.21713352582578901,
        0.2236145882547214,
        0,
        0,
        0,
        1
      ],
      "fov": 50,
      "aspect": 1
    },
    {
      "camera_to_world": [
        -0.07138646212349717,
        -0.21669812950656586,
        0.9736251299621667,
        1.0026954069070586,
        0.9974471067319385,
        -0.013746728502585969,
        0.07007350945657852,
        0.07216574831085122,
        -0.0018006381023163345,
        0.9761418688509534,
        0.21712625262411883,
        0.22360915872580808,
        0,
        0,
        0,
        1
      ],
      "fov": 50,
      "aspect": 1
    },
    {
      "camera_to_world": [
        -0.07170344006421128,
        -0.2167791908544011,
        0.9735837915123017,
        1.0025401470987727,
        0.9974244478233885,
        -0.013864331379156155,
        0.07037223315781431,
        0.07246524602891642,
        -0.0017571474516664123,
        0.9761222068613744,
        0.2172149849916276,
        0.2236753989785506,
        0,
        0,
        0,
        1
      ],
      "fov": 50,
      "aspect": 1
    },
    {
      "camera_to_world": [
        -0.07235737987321318,
        -0.21694619661136308,
        0.9734982061379195,
        1.0022199555597184,
        0.9973773753329466,
        -0.014106982322802719,
        0.07098847951398057,
        0.0730828986999427,
        -0.0016675586485139613,
        0.9760816261079848,
        0.21739797244350242,
        0.22381200592600975,
        0,
        0,
        0,
        1
      ],
      "fov": 50,
      "aspect": 1
    },
    {
      "camera_to_world": [
        -0.0733425310603367,
        -0.217197210229238,
        0.9733685042193935,
        1.0017378865812052,
        0.9973056318126777,
        -0.014472610925677832,
        0.07191675943554213,
        0.07401281456554187,
        -0.001532935869250697,
        0.9760204482497434,
        0.21767345889196188,
        0.22401767648124637,
        0,
        0,
        0,
        1
      ],
      "fov": 50,
      "aspect": 1
    },
    {
      "camera_to_world": [
        -0.07465336944863832,
        -0.21753013102821547,
        0.9731944905951803,
        1.0010969944545445,
        0.9972086240670586,
        -0.014959260310667431,
        0.07315176427976201,
        0.0752491018673258,
        -0.001354443151001075,
        0.9759389646006584,
        0.21803968184242428,
        0.22429110755732123,
        0,
        0,
        0,
        1
      ],
      "fov": 50,
      "aspect": 1
    },
    {
      "camera_to_world": [
        -0.07628457808050029,
        -0.21794270235994875,
        0.9729756634341492,
        1.0003003334710463,
        0.997085442020692,
        -0.015565077706785434,
        0.07468835027220234,
        0.07678586884690629,
        -0.0011333390849665502,
        0.9758374387386581,
        0.21849487110340596,
        0.22463099606729514,
        0,
        0,
        0,
        1
      ],
      "fov": 50,
      "aspect": 1
    },
    {
      "camera_to_world": [
        -0.07823102738932013,
        -0.21843251893696355,
        0.9727112320850752,
        0.999350957922021,
        0.9969348763893673,
        -0.016288304681810858,
        0.07652152226079603,
        0.07861722374589517,
        -0.0008709719446952713,
        0.9757161092251402,
        0.21903724707552824,
        0.2250360389242289,
        0,
        0,
        0,
        1
      ],
      "fov": 50,
      "aspect": 1
    },
    {
      "camera_to_world": [
        -0.08048775474850405,
        -0.21899703344916382,
        0.9724001340374293,
        0.9982519220987798,
        0.9967554353151642,
        -0.017127267074733346,
        0.07864641690648255,
        0.08073727480590429,
        -0.0005687751947602883,
        0.9755751924188195,
        0.2196650186801741,
        0.22550493304118333,
        0,
        0,
        0,
        1
      ],
      "fov": 50,
      "aspect": 1
    },
    {
      "camera_to_world": [
        -0.08304994349638459,
        -0.2196335625842844,
        0.972041051124788,
        0.9970062802926326,
        0.9965453601222077,
        -0.01808036466361083,
        0.08105828540334623,
        0.08314013026854546,
        -0.000228263327774883,
        0.9754148853693828,
        0.22037638098418605,
        0.2260363753312192,
        0,
        0,
        0,
        1
      ],
      "fov": 50,
      "aspect": 1
    },
    {
      "camera_to_world": [
        -0.08591290152545167,
        -0.22033929256530826,
        0.9716324250987602,
        0.9956170867948904,
        0.9963026403451993,
        -0.019146060599247283,
        0.08375247581244782,
        0.08581989837543054,
        0.00014897202002661297,
        0.9752353687778913,
        0.22116951257347345,
        0.22662906270739736,
        0,
        0,
        0,
        1
      ],
      "fov": 50,
      "aspect": 1
    },
    {
      "camera_to_world": [
        -0.08907203951665359,
        -0.22111128431413915,
        0.9711724726974585,
        0.9940873958968632,
        0.9960250281780738,
        -0.020322870631506937,
        0.08672441508688493,
        0.08877068736817133,
        0.0005612657222575194,
        0.9750368100119332,
        0.22204257272546202,
        0.22728169208277857,
        0,
        0,
        0,
        1
      ],
      "fov": 50,
      "aspect": 1
    },
    {
      "camera_to_world": [
        -0.09252284889425277,
        -0.22194647834718664,
        0.9706592003281961,
        0.9924202618898622,
        0.9957100524850896,
        -0.021609352152950092,
        0.08996959086085754,
        0.09198660548837971,
        0.0010068826304883566,
        0.97481936616422,
        0.22299369842790812,
        0.22799296037042363,
        0,
        0,
        0,
        1
      ],
      "fov": 50,
      "aspect": 1
    },
    {
      "camera_to_world": [
        -0.09626087957357736,
        -0.22284169950495047,
        0.9700904184793634,
        0.9906187390651973,
        0.9953550325113585,
        -0.023004093083671764,
        0.09348353307246249,
        0.09546176097766747,
        0.001484020900682587,
        0.974583187143685,
        0.22402100128966304,
        0.2287615644833934,
        0,
        0,
        0,
        1
      ],
      "fov": 50,
      "aspect": 1
    },
    {
      "camera_to_world": [
        -0.10028171757278953,
        -0.22379366161414574,
        0.9694637559713023,
        0.9886858817141796,
        0.9949570914242544,
        -0.02450570062162998,
        0.09726179548842027,
        0.09919026207764643,
        0.001990815219833901,
        0.974328418788232,
        0.2251225643874559,
        0.22958620133474864,
        0,
        0,
        0,
        1
      ],
      "fov": 50,
      "aspect": 1
    },
    {
      "camera_to_world": [
        -0.10458096256028634,
        -0.22479897217731679,
        0.9687766741504391,
        0.9866247441281192,
        0.9945131698112324,
        -0.02611278988425149,
        0.10129993719877567,
        0.10316621702992848,
        0.0025253399729428766,
        0.9740552059880812,
        0.22629643909159985,
        0.23046556783755012,
        0,
        0,
        0,
        1
      ],
      "fov": 50,
      "aspect": 1
    },
    {
      "camera_to_world": [
        -0.10915420541137424,
        -0.22585413718117855,
        0.9680264811249518,
        0.984438380598327,
        0.994020039253333,
        -0.027823972469594598,
        0.10559350415065072,
        0.10738373407612539,
        0.0030856123887767805,
        0.9737636958082574,
        0.22754064191266932,
        0.23139836090485874,
        0,
        0,
        0,
        1
      ],
      "fov": 50,
      "aspect": 1
    },
    {
      "camera_to_world": [
        -0.11399700585121789,
        -0.22695556611101286,
        0.9672103461337596,
        0.9821298454161131,
        0.993474316086907,
        -0.02963784496872534,
        0.11013801079219875,
        0.11183692145784907,
        0.00366959570117523,
        0.9734540405981372,
        0.2288531514105725,
        0.2323832774497352,
        0,
        0,
        0,
        1
      ],
      "fov": 50,
      "aspect": 1
    },
    {
      "camera_to_world": [
        -0.11910487026557326,
        -0.22809957725423105,
        0.9663253141336317,
        0.9797021928727885,
        0.9928724754588547,
        -0.03155297746511999,
        0.11492892190085079,
        0.11651988741671121,
        0.004275202360964872,
        0.9731264010751772,
        0.23023190520700226,
        0.23341901438524038,
        0,
        0,
        0,
        1
      ],
      "fov": 50,
      "aspect": 1
    },
    {
      "camera_to_world": [
        -0.12447322976628297,
        -0.22928240337162029,
        0.9653683206816368,
        0.9771584772596635,
        0.9922108657728005,
        -0.033567902061737126,
        0.11996163467360496,
        0.12142674019432381,
        0.004900297331792384,
        0.9727809493690279,
        0.23167479714192646,
        0.23450426862443502,
        0,
        0,
        0,
        1
      ],
      "fov": 50,
      "aspect": 1
    },
    {
      "camera_to_world": [
        -0.13009741860473836,
        -0.2305001978096851,
        0.9643362071819556,
        0.9745017528680484,
        0.9914857236150455,
        -0.03568110148178812,
        0.1252314611613067,
        0.1265515880322986,
        0.0055427015013449175,
        0.9724178720111752,
        0.2331796746145011,
        0.23563773708037997,
        0,
        0,
        0,
        1
      ],
      "fov": 50,
      "aspect": 1
    },
    {
      "camera_to_world": [
        -0.13597265303330014,
        -0.23174904112182051,
        0.9632257365572218,
        0.9717350739892543,
        0.9906931892397883,
        -0.037890997795058584,
        0.1307336111334486,
        0.13188853917224744,
        0.006200195237463693,
        0.9720373728541571,
        0.23474433614851226,
        0.236818116666136,
        0,
        0,
        0,
        1
      ],
      "fov": 50,
      "aspect": 1
    },
    {
      "camera_to_world": [
        -0.14209401072179928,
        -0.2330249482596828,
        0.9620336093949968,
        0.9688614949145912,
        0.9898293226828752,
        -0.04019594132775962,
        0.1364631754647969,
        0.13743170185578216,
        0.006870522116537797,
        0.9716396759032371,
        0.23636652922209336,
        0.23804410429476394,
        0,
        0,
        0,
        1
      ],
      "fov": 50,
      "aspect": 1
    },
    {
      "camera_to_world": [
        -0.14845641084348504,
        -0.23432387638899307,
        0.9607564806096841,
        0.96588406993537,
        0.9888901205621919,
        -0.04259419982017434,
        0.1424151101399445,
        0.1431751843245146,
        0.0075513928492591375,
        0.9712250280422736,
        0.23804394840096482,
        0.2393143968793246,
        0,
        0,
        0,
        1
      ],
      "fov": 50,
      "aspect": 1
    },
    {
      "camera_to_world": [
        -0.15505459495192475,
        -0.23564173337603825,
        0.9593909766491608,
        0.9628058533429009,
        0.9878715336106765,
        -0.045083947902657816,
        0.14858422097652477,
        0.14911309482005655,
        0.008240489426294172,
        0.9707937016344134,
        0.23977423381374532,
        0.2406276913328787,
        0,
        0,
        0,
        1
      ],
      "fov": 50,
      "aspect": 1
    },
    {
      "camera_to_world": [
        -0.16188310877712128,
        -0.23697438698226808,
        0.957933713263623,
        0.9596298994284949,
        0.9867694849747859,
        -0.0476632569666795,
        0.15496514917207804,
        0.1552395415840199,
        0.008935469503660616,
        0.9703459969772156,
        0.2415549700069171,
        0.24198268456848718,
        0,
        0,
        0,
        1
      ],
      "fov": 50,
      "aspect": 1
    },
    {
      "camera_to_world": [
        -0.16893628507526307,
        -0.23831767479457605,
        0.9563813138416476,
        0.9563592624834619,
        0.9855798892970992,
        -0.05033008551338394,
        0.16155235778326935,
        0.16154863285801646,
        0.00963397104456243,
        0.9698822445909204,
        0.2433836852157317,
        0.2433780734992107,
        0,
        0,
        0,
        1
      ],
      "fov": 50,
      "aspect": 1
    },
    {
      "camera_to_world": [
        -0.17620822767177938,
        -0.2396674149081038,
        0.9547304283053081,
        0.9529969967991132,
        0.9842986725865738,
        -0.053082270067405096,
        0.1683401192490963,
        0.16803447688365802,
        0.010333617231118865,
        0.9694028073178651,
        0.24525785108567436,
        0.24481255503811017,
        0,
        0,
        0,
        1
      ],
      "fov": 50,
      "aspect": 1
    },
    {
      "camera_to_world": [
        -0.18369279684146997,
        -0.24101941736670196,
        0.9529777525424055,
        0.9495461566667588,
        0.98292179286388,
        -0.05591751674819449,
        0.1753225040717001,
        0.17469118190255653,
        0.011032021655814309,
        0.9689080822105526,
        0.24717488287699205,
        0.24628482609824642,
        0,
        0,
        0,
        1
      ],
      "fov": 50,
      "aspect": 1
    },
    {
      "camera_to_world": [
        -0.19138359617214953,
        -0.24236949635358568,
        0.9511200483396008,
        0.9460097963777094,
        0.9814452615522788,
        -0.05883339359471625,
        0.18249337076920957,
        0.18151285615632373,
        0.011726793798587789,
        0.9683985021856644,
        0.24913214018220728,
        0.24779358359268008,
        0,
        0,
        0,
        1
      ],
      "fov": 50,
      "aspect": 1
    },
    {
      "camera_to_world": [
        -0.1992739610592151,
        -0.24371348311129332,
        0.949154163765577,
        0.9423909702232754,
        0.9798651655668273,
        -0.06182732374181512,
        0.18984635721450868,
        0.18849360788657138,
        0.012415544791287418,
        0.9678745374213985,
        0.25112692818343757,
        0.2493375244344721,
        0,
        0,
        0,
        1
      ],
      "fov": 50,
      "aspect": 1
    },
    {
      "camera_to_world": [
        -0.20735694897755794,
        -0.24504723955591198,
        0.9470770539384564,
        0.9386927324947677,
        0.9781776900364404,
        -0.06489657954766986,
        0.1973748734717435,
        0.1956275453349115,
        0.013095893466741716,
        0.9673366964759686,
        0.2531564994726924,
        0.25091534553668327,
        0,
        0,
        0,
        1
      ],
      "fov": 50,
      "aspect": 1
    },
    {
      "camera_to_world": [
        -0.2156253316740567,
        -0.2463666725358193,
        0.9448858020967831,
        0.9349181374834965,
        0.9763791415747328,
        -0.06803827777131723,
        0.20507209623861797,
        0.20290877674295577,
        0.013765472684981201,
        0.9667855271059561,
        0.2552180564541184,
        0.25252574381237436,
        0,
        0,
        0,
        1
      ],
      "fov": 50,
      "aspect": 1
    },
    {
      "camera_to_world": [
        -0.22407158941829483,
        -0.24766774867008823,
        0.9425776408785905,
        0.9310702394807722,
        0.9744659719968458,
        -0.07124937589708305,
        0.2129309649969187,
        0.2103314103523161,
        0.014421935924208245,
        0.9662216167644802,
        0.257308754342389,
        0.2541674161746062,
        0,
        0,
        0,
        1
      ],
      "fov": 50,
      "aspect": 1
    },
    {
      "camera_to_world": [
        -0.23268790744094914,
        -0.24894650968644227,
        0.9401499736987127,
        0.9271520927779058,
        0.9724348023609097,
        -0.07452666969873588,
        0.22094417996614868,
        0.21788955440460428,
        0.015062964119013308,
        0.9656455927609019,
        0.25942570476611543,
        0.25583905953643954,
        0,
        0,
        0,
        1
      ],
      "fov": 50,
      "aspect": 1
    },
    {
      "camera_to_world": [
        -0.24146617467837433,
        -0.2501990881634802,
        0.9376003961007887,
        0.9231667516662075,
        0.9702824471947582,
        -0.0778667921301512,
        0.22910420194555864,
        0.22557731714143214,
        0.01568627272312695,
        0.9650581220659837,
        0.2615659799793023,
        0.2575393708109352,
        0,
        0,
        0,
        1
      ],
      "fov": 50,
      "aspect": 1
    },
    {
      "camera_to_world": [
        -0.2503979849281514,
        -0.25142172356711484,
        0.934926716947624,
        0.9191172704369881,
        0.9680059387512943,
        -0.08126621362115137,
        0.23740325411819269,
        0.23338880680441149,
        0.01628961896874957,
        0.9644599107491314,
        0.2637266176775304,
        0.259267046911154,
        0,
        0,
        0,
        1
      ],
      "fov": 50,
      "aspect": 1
    },
    {
      "camera_to_world": [
        -0.25947464050376856,
        -0.2526107784571035,
        0.932126979302035,
        0.9150067033815577,
        0.9656025511199545,
        -0.08472124384692055,
        0.24583332587683537,
        0.24131813163515425,
        0.016870809289294977,
        0.9638517030375195,
        0.26590462640878865,
        0.2610207847501568,
        0,
        0,
        0,
        1
      ],
      "fov": 50,
      "aspect": 1
    },
    {
      "camera_to_world": [
        -0.2686871584571661,
        -0.25376275472652304,
        0.9291994808402663,
        0.9108381047912273,
        0.9630698240073566,
        -0.0882280350269782,
        0.25438617871597763,
        0.24935939987527228,
        0.01742770686730488,
        0.9632342799905353,
        0.26809699156175265,
        0.26279928124100427,
        0,
        0,
        0,
        1
      ],
      "fov": 50,
      "aspect": 1
    },
    {
      "camera_to_world": [
        -0.2780262794157455,
        -0.25487430972542835,
        0.926142793631859,
        0.9066145289573071,
        0.9604055859878987,
        -0.0917825867952032,
        0.2630533542162542,
        0.2575067197663772,
        0.017958239264441667,
        0.9626084577870523,
        0.2703006819069343,
        0.26460123329675733,
        0,
        0,
        0,
        1
      ],
      "fov": 50,
      "aspect": 1
    },
    {
      "camera_to_world": [
        -0.28748247905577473,
        -0.2559422721100656,
        0.9229557831137325,
        0.902339030171108,
        0.9576079770151711,
        -0.09538075266593403,
        0.2718261841283721,
        0.26575419955008106,
        0.018460406085939754,
        0.9619750856274902,
        0.27251265665859475,
        0.2664253378304767,
        0,
        0,
        0,
        1
      ],
      "fov": 50,
      "aspect": 1
    },
    {
      "camera_to_world": [
        -0.2970459822071918,
        -0.2569636572512475,
        0.9196376260824848,
        0.89801466272394,
        0.9546754699779435,
        -0.09901824810292251,
        0.2806958025425758,
        0.2740959474679955,
        0.01893228662780387,
        0.9613350432573918,
        0.2747298730177539,
        0.2682702917552233,
        0,
        0,
        0,
        1
      ],
      "fov": 50,
      "aspect": 1
    },
    {
      "camera_to_world": [
        -0.3067067795559709,
        -0.25793568203017403,
        0.9161878275277587,
        0.8936444809071141,
        0.9516068910805252,
        -0.10269066017813619,
        0.289653160107457,
        0.2825260717617326,
        0.019372047451485797,
        0.960689238124279,
        0.2769492941491815,
        0.2701347919840579,
        0,
        0,
        0,
        1
      ],
      "fov": 50,
      "aspect": 1
    },
    {
      "camera_to_world": [
        -0.31645464687987096,
        -0.25885577884736033,
        0.9126062361311491,
        0.8892315390119407,
        0.9484014388267993,
        -0.1063934587863872,
        0.2986890402387177,
        0.29103868067290395,
        0.01977794982785555,
        0.9600386021847226,
        0.27916789753804255,
        0.2720175354300411,
        0,
        0,
        0,
        1
      ],
      "fov": 50,
      "aspect": 1
    },
    {
      "camera_to_world": [
        -0.3262791667220603,
        -0.25972160867070176,
        0.9088930582596947,
        0.8847788913297305,
        0.9450587013904257,
        -0.11012200935989723,
        0.30779407723473373,
        0.29962788244312144,
        0.020148356990100456,
        0.9593840883838138,
        0.2813826836650719,
        0.27391721900623395,
        0,
        0,
        0,
        1
      ],
      "fov": 50,
      "aspect": 1
    },
    {
      "camera_to_world": [
        -0.336169752375319,
        -0.2605310729522201,
        0.9050488702905948,
        0.8802895921517937,
        0.9415786721607725,
        -0.11387158700459372,
        0.3169587761918129,
        0.30828778531399714,
        0.02048174113382911,
        0.9587266668344114,
        0.2835906849328916,
        0.2758325396256971,
        0,
        0,
        0,
        1
      ],
      "fov": 50,
      "aspect": 1
    },
    {
      "camera_to_world": [
        -0.34611567401791954,
        -0.26128232424983183,
        0.9010746291144409,
        0.875766695769441,
        0.9379617632651764,
        -0.11763739195765302,
        0.3261735345883889,
        0.31701249752714256,
        0.02077669010219514,
        0.958067320728563,
        0.28578897477052906,
        0.2777621942014915,
        0,
        0,
        0,
        1
      ],
      "fov": 50,
      "aspect": 1
    },
    {
      "camera_to_world": [
        -0.3561060868114776,
        -0.2619737754006012,
        0.8969716806779197,
        0.871213256473983,
        0.934208816883126,
        -0.12141456624404479,
        0.3354286653844609,
        0.32579612732416957,
        0.021031913694349286,
        0.9574070420182451,
        0.2879746768384811,
        0.27970487964667784,
        0,
        0,
        0,
        1
      ],
      "fov": 50,
      "aspect": 1
    },
    {
      "camera_to_world": [
        -0.36613006074174625,
        -0.26260410710532983,
        0.8927417664434983,
        0.86663232855673,
        0.9303211141868469,
        -0.1251982113891077,
        0.3447144214608842,
        0.33463278294669035,
        0.021246249537012665,
        0.9567468269068786,
        0.2901449742529245,
        0.281659292874317,
        0,
        0,
        0,
        1
      ],
      "fov": 50,
      "aspect": 1
    },
    {
      "camera_to_world": [
        -0.37617661195614216,
        -0.2631722738008721,
        0.8883870276628745,
        0.862026966308993,
        0.9263003817652977,
        -0.12898340702502104,
        0.3540210212030943,
        0.34351657263631624,
        0.02141866846146408,
        0.9560876711968921,
        0.29229711874502173,
        0.2836241307974697,
        0,
        0,
        0,
        1
      ],
      "fov": 50,
      "aspect": 1
    },
    {
      "camera_to_world": [
        -0.38623473532740527,
        -0.2636775077160109,
        0.883910007382676,
        0.8574002240220819,
        0.9221487954144986,
        -0.13276523021192088,
        0.3633386750159757,
        0.35244160463465934,
        0.02154827933173156,
        0.9554305655417608,
        0.2944284396697999,
        0.2855980903291967,
        0,
        0,
        0,
        1
      ],
      "fov": 50,
      "aspect": 1
    },
    {
      "camera_to_world": [
        -0.39629343795180466,
        -0.26411932102877456,
        0.8793136501247084,
        0.8527551559873079,
        0.9178689812059878,
        -0.13653877527982308,
        0.3726576125412818,
        0.3614019871833316,
        0.021634333274251048,
        0.9547764906533807,
        0.2965363527788684,
        0.287579868382559,
        0,
        0,
        0,
        1
      ],
      "fov": 50,
      "aspect": 1
    },
    {
      "camera_to_world": [
        -0.40634177327324505,
        -0.2644975060673113,
        0.8746012992085751,
        0.848094816495981,
        0.9134640137765287,
        -0.14029917398587657,
        0.3819681103366546,
        0.37039182852394453,
        0.021676227264648823,
        0.9541264125172583,
        0.29861836867232056,
        0.2895681618706173,
        0,
        0,
        0,
        1
      ],
      "fov": 50,
      "aspect": 1
    },
    {
      "camera_to_world": [
        -0.416368875512006,
        -0.2648121335224011,
        0.8697766917112586,
        0.8434222598394121,
        0.9089374118154314,
        -0.14404161577313485,
        0.3912605197662158,
        0.3794052368981101,
        0.021673507033526256,
        0.9534812776687221,
        0.3006721008475663,
        0.2915616677064322,
        0,
        0,
        0,
        1
      ],
      "fov": 50,
      "aspect": 1
    },
    {
      "camera_to_world": [
        -0.4263639940689712,
        -0.2650635486668232,
        0.8648439510858044,
        0.8387405403089113,
        0.9042931307603194,
        -0.14776136791227829,
        0.400525294847145,
        0.3884363205474405,
        0.021625869260088026,
        0.9528420085831873,
        0.3026952732665355,
        0.29355908280306486,
        0,
        0,
        0,
        1
      ],
      "fov": 50,
      "aspect": 1
    },
    {
      "camera_to_world": [
        -0.436316527573395,
        -0.2652523656045384,
        0.8598075774889932,
        0.8340527121957898,
        0.8995355527472039,
        -0.15145379530673872,
        0.4097530197948115,
        0.39747918771354684,
        0.02153316303002387,
        0.9522094992323805,
        0.3046857273676298,
        0.2955591040735759,
        0,
        0,
        0,
        1
      ],
      "fov": 50,
      "aspect": 1
    },
    {
      "camera_to_world": [
        -0.44621605724460334,
        -0.26537945960037557,
        0.8546724358953512,
        0.8293618297913576,
        0.8946694738956015,
        -0.15511437974454872,
        0.41893443601097247,
        0.4065279466380416,
        0.02139539054209,
        0.9515846108563738,
        0.3066414284549217,
        0.2975604284310261,
        0,
        0,
        0,
        1
      ],
      "fov": 50,
      "aspect": 1
    },
    {
      "camera_to_world": [
        -0.4560523792455497,
        -0.265445957567995,
        0.8494437421014316,
        0.8246709473869254,
        0.8897000890433933,
        -0.15873873838695143,
        0.4280604682652876,
        0.4155767055625363,
        0.021212707056188582,
        0.9509681679983454,
        0.30856047140425996,
        0.2995617527884763,
        0,
        0,
        0,
        1
      ],
      "fov": 50,
      "aspect": 1
    },
    {
      "camera_to_world": [
        -0.4658155357187426,
        -0.2654532268197559,
        0.8441270467495045,
        0.8199831192738039,
        0.884632974078487,
        -0.16232264129424107,
        0.43712224982985287,
        0.42461957272864276,
        0.020985420084240914,
        0.9503609548451789,
        0.31044108563405004,
        0.3015617740589873,
        0,
        0,
        0,
        1
      ],
      "fov": 50,
      "aspect": 1
    },
    {
      "camera_to_world": [
        -0.47549584421244434,
        -0.2654028622061268,
        0.8387282175231083,
        0.8153013997433032,
        0.8794740660444305,
        -0.1658620278032336,
        0.44611114633942556,
        0.4336506563779729,
        0.02071398783363453,
        0.949763711912492,
        0.31228163929733843,
        0.30355918915561997,
        0,
        0,
        0,
        1
      ],
      "fov": 50,
      "aspect": 1
    },
    {
      "camera_to_world": [
        -0.4850839252268679,
        -0.26529667179394595,
        0.833253419687882,
        0.8106288430867342,
        0.874229641224283,
        -0.16935302158787097,
        0.4550187781662636,
        0.4426640647521386,
        0.02039901692131167,
        0.9491771331074687,
        0.31408064266129265,
        0.30555269499143495,
        0,
        0,
        0,
        1
      ],
      "fov": 50,
      "aspect": 1
    },
    {
      "camera_to_world": [
        -0.4945707276358674,
        -0.2651366612516872,
        0.8277090951693334,
        0.8059685035954073,
        0.8689062914307915,
        -0.17279194425434707,
        0.4638370411176658,
        0.4516539060927516,
        0.020041259384516053,
        0.9486018631971533,
        0.31583675065003414,
        0.3075409884794932,
        0,
        0,
        0,
        1
      ],
      "fov": 50,
      "aspect": 1
    },
    {
      "camera_to_world": [
        -0.5039475517687745,
        -0.26492501712552596,
        0.8221019403743665,
        0.8013234355606333,
        0.8635108987507332,
        -0.17617532734432065,
        0.47255812528600405,
        0.4606142886414236,
        0.019641609021654124,
        0.9480384957037142,
        0.31754876453684916,
        0.3095227665328555,
        0,
        0,
        0,
        1
      ],
      "fov": 50,
      "aspect": 1
    },
    {
      "camera_to_world": [
        -0.5132060699689064,
        -0.2646640892021713,
        0.8164388829752385,
        0.7966966932737221,
        0.8580506090068877,
        -0.17949992264373735,
        0.48117453190479803,
        0.469539320639767,
        0.01920109710353013,
        0.947487571241796,
        0.3192156327818915,
        0.3114967260645825,
        0,
        0,
        0,
        1
      ],
      "fov": 50,
      "aspect": 1
    },
    {
      "camera_to_world": [
        -0.5223383444791804,
        -0.2643563721628995,
        0.8107270578829966,
        0.7920913310259851,
        0.8525328042121981,
        -0.18276271071994105,
        0.48967908808972527,
        0.4784231103293928,
        0.018720887501262353,
        0.9469495763065582,
        0.32083645102138153,
        0.3134615639877352,
        0,
        0,
        0,
        1
      ],
      "fov": 50,
      "aspect": 1
    },
    {
      "camera_to_world": [
        -0.5313368425404784,
        -0.26400448673795013,
        0.804973782642234,
        0.7875104031087321,
        0.8469650742972098,
        -0.18596090763554687,
        0.4980649593698456,
        0.48725976595191334,
        0.018202271282375202,
        0.9464249425145107,
        0.32241046122383765,
        0.31541597721537434,
        0,
        0,
        0,
        1
      ],
      "fov": 50,
      "aspect": 1
    },
    {
      "camera_to_world": [
        -0.5401944486241467,
        -0.26361116057141143,
        0.7991865324802763,
        0.7829569638132743,
        0.8413551883938056,
        -0.1890919698133754,
        0.5063256599412294,
        0.49604339574894063,
        0.01764666083082331,
        0.9459140462929445,
        0.3239370500378597,
        0.3173586626605606,
        0,
        0,
        0,
        1
      ],
      "fov": 50,
      "aspect": 1
    },
    {
      "camera_to_world": [
        -0.5489044737556067,
        -0.26317920900406006,
        0.7933729152416774,
        0.7784340674309214,
        0.8357110659557228,
        -0.19215359705207177,
        0.5144550606020898,
        0.504768107962086,
        0.01705558354998302,
        0.9454172090077201,
        0.32541574636428133,
        0.31928831723635503,
        0,
        0,
        0,
        1
      ],
      "fov": 50,
      "aspect": 1
    },
    {
      "camera_to_world": [
        -0.5574606619207625,
        -0.2627115159755269,
        0.7875406464333798,
        0.7739447682529847,
        0.8300407479895258,
        -0.195143733716311,
        0.5224473943549208,
        0.5134280108329615,
        0.016430675209921725,
        0.944934697513589,
        0.3268462181929723,
        0.3212036378558183,
        0,
        0,
        0,
        1
      ],
      "fov": 50,
      "aspect": 1
    },
    {
      "camera_to_world": [
        -0.565857193580095,
        -0.26221101523792295,
        0.7816975245973063,
        0.7694921205707744,
        0.8243523686589975,
        -0.198060568148262,
        0.5302972596865723,
        0.5220172126031791,
        0.015773673001527936,
        0.9444667251061232,
        0.328228268751117,
        0.32310332143201104,
        0,
        0,
        0,
        1
      ],
      "fov": 50,
      "aspect": 1
    },
    {
      "camera_to_world": [
        -0.5740886863464519,
        -0.26168067206103157,
        0.7758514072157708,
        0.7650791786756008,
        0.8186541275116064,
        -0.2009025303678304,
        0.5379996215612178,
        0.5305298215143506,
        0.015086408360370205,
        0.9440134528498467,
        0.3295618320153205,
        0.32498606487799436,
        0,
        0,
        0,
        1
      ],
      "fov": 50,
      "aspect": 1
    },
    {
      "camera_to_world": [
        -0.5821501929111058,
        -0.26112346559474364,
        0.7700101873412799,
        0.7607089968587752,
        0.8129542625583386,
        -0.20366828814779317,
        0.5455498101834291,
        0.5389599458080875,
        0.014370799622508451,
        0.9435749912533388,
        0.330846967644365,
        0.3268505651068288,
        0,
        0,
        0,
        1
      ],
      "fov": 50,
      "aspect": 1
    },
    {
      "camera_to_world": [
        -0.5900371963282178,
        -0.2605423720380404,
        0.76418177112643,
        0.7563846294116072,
        0.8072610244182129,
        -0.2063567415660068,
        0.5529435176087317,
        0.5473016937260021,
        0.013628844572953158,
        0.9431514022589648,
        0.33208385539281293,
        0.3286955190315754,
        0,
        0,
        0,
        1
      ],
      "fov": 50,
      "aspect": 1
    },
    {
      "camera_to_world": [
        -0.5977456027901484,
        -0.25994034874595356,
        0.7583740564120547,
        0.7521091306254081,
        0.8015826517167557,
        -0.20896701615024463,
        0.5601767922968587,
        0.5555491735097059,
        0.012862612945149315,
        0.9427427015125047,
        0.33327278906794633,
        0.3305196235652948,
        0,
        0,
        0,
        1
      ],
      "fov": 50,
      "aspect": 1
    },
    {
      "camera_to_world": [
        -0.6052717320448582,
        -0.259320319387028,
        0.7525949125129848,
        0.7478855547914878,
        0.7959273479041633,
        -0.21149845474178797,
        0.5672460317182314,
        0.5636964934008108,
        0.012074238926831429,
        0.9423488608762923,
        0.33441417009375085,
        0.3323215756210479,
        0,
        0,
